$ANSIBLE_VAULT;1.1;AES256
35393166376435663431323663323930383662636161633639653432383338323539306239373932
3866653539653530663433373862366639643033393432310a613234313939633836303937313739
63386232313438303530386664363062636665623461306461323436353831316539663566666132
3365636133643662380a353834363863613266383834326231316631336262623838353865656562
36353533616466306135326637643162626137643762653934376437656631333266376335306339
32316462353534306430373365333565623866633738653331313164336465306263633463333330
35643732393538393138373231363463353062656433386135613635346364653065623137643239
30653065366364323335646562333561356430633866613065343630633938306536646463366231
36633037323732643239633435383835303364633338333437613237643234623036663566343338
34626232643765393932346463373538313261323862303264383964316662343230386438373635
34313332386261666231363261653561373933653537373966313538653435336330346661313431
30656566366464323763653431633536643038663233393530373864373561376436623231353135
30656534626164333939663538386536343866336363343232626237303833663636336435306339
62653765666266656537313830396330373137636666366435653161666231343331323838626664
66666137386339313237666431623766633532353735633031323437643361353563666638643236
32656136383839376565353466356437646636376633376166356263656566623464363761333832
38353364663134623538343030396661643462383966376665353131613664646361633935633361
37336638363534303563366338666630303165336631393532386365323064613732356361636161
36333532366662653534666562643130353565636538306266376537653436643864393564306461
64363164363832326132613935633732626632336635353435373266356339633831656432323838
34333763363034383461313066336466643939363138646533326439363231366638366231656535
31323737353732666164613230383536336636653736663339386363363437326266636164373162
34373765643666343130643530633566613237373066643461336136633361393339663639663263
39386337363931383066323664663334383538346261663138666138363333636466303966326366
63623262363666356532343762396231623536323363653337656363653737326631633039353635
35636333373434323365363538643138356361383331373631343863666431306335353966323363
39346661653737646433316136323732643032313735663665303438353036303333353461386135
64613731653666386638666161636365393161303134323534393731656163383530626438343738
37393061326131623139353835303339336161323931393732343139333632393639366166363537
30366334653231306461666261313631313038643263346665313235383434303963303734373865
63376466613564383161396431336531643863353037633434663861316137313964396565373131
34343364343531393338346633626233356131633432623064643465663838623334373765313131
34613439383631376335636332366131323431383666383430656337353862333864636337396239
34616562353966323862623438663332373234623930633563626164623236643166636234663466
65346431646563343733326163376262393531396566623833313231366363663935633765306434
64643532306433643966613832326136616135646266383639663734666237376165373163326166
61623563326435643863323863336664303535353461646233306363393964626337343165393865
65343930643730646233626130643631653933623138303031393331356439396631656564393565
36626462313863316365626636306533303862663463656236663937383764346631333038623832
64313262623638356363326430306564333566376665613034393730623533386237666462333662
39333230356635356532663339613662663362626334316237636261633034636662326361326537
33396263633561623931633236653134303865363338633333646261383131383136353264613631
38313263323761643066656138613836633261303336646262616433383536356362316263383932
31343134396431636337356438653430656337333263626639306537646166313966623334623164
61313264663136313466633662333333393135373336373333363664383266626530396565373437
63336165316238336163663732363765303332326461613339613331663132336564343233393366
61376464366132626137623865633738343666663763666562633037353332616263383037313432
39366161383733353938386339633366323161373661346235323035653664386664633031643538
66633138346536383030396433653631613734383239636630646632623864376432386463623332
66363164303130353136633164326638353761363830326364316234356535616365396332333264
65333539363933303861623636323939353434633637356261323664353135363231663131373464
35303832303062316661356133383239336637386331373632366666383539343036393734343333
66646564623563336334353730346364306537393236653137306166363536383862313737343865
30653431666339343161653164643730366638383763643838396537363533663533643239646365
33643834653862336138613937356130656164383731353838386564333934333432363233383234
61393430323734646262653333656161633830383262656664613066623630383735653838343234
36333933393966626362376165343337393139353161626239383738633335313565353333333332
39396333306231303064323763653635333037303638333037373130616339353862336363323437
65363030616663396634646330366265323563333238323966323039633933643130383266356431
66316435373131333731323137653663653635333662346461626232626534373436633133653538
31396436356361643562626539656665303531323965653334656464323461376466363934616266
32646662376436346232333164616161313637633838393632336137653132353032343263333437
38643432613662373165336334376632333262666463336563363462613033353362623438336234
38316266636534393961333933383932633362313632303932623532366663356438643335616436
38353064656639316139393738346564396164646662353934313839633133343866356361663537
39316630353262353839656661386139396566656236353761363763616133313634636237383738
66643465333761656132663761343464393963333739323435386264626434316362623136656464
35363461373332643862623561393762386365313232353532366566396239666634613161333636
37333333353433396339613135363039653266313161396163336362363833613864343061353761
39323561666564333736376430353836333565343037616438393335653265653335646238616336
32386431363932383633343131663330343831313536353832636264306238383430623764623861
37363566366564616361363766356166656462356434613832623630626363643933333039616638
64393932373336666331353165663831326439623733666539376530616233353861376638653765
62643433333738323136646335666539326265316336663166643762336339333062623562353035
65636565643533346230653232343362653136613161396662336363656337383262646364366434
38353838323336313965326538626436383439326364396663616336363161663838333238656634
34343534656330336266323330373466383265373938643733386631646264343264633735316132
34343463363331393134313737396135313232343163313831663031663632323636336564386636
64373466636631346237653766656161623966323738313633343338306137356563613432626363
32616430636164373761643639323135356565643434646532393365396366316339623961333037
61366636666135653764366637356265663731396464313361633662643363383163313037356564
37393435626362666535633266376563613239316230346133303232376635373837643363396262
63386534663732666163363635393531633662333664396633306632303166333233373132363133
36323161643365643365356635306430343162646131613339336561663234376131613930656138
62623439393365636465346463323664613061316134323238356233653432633832383163353266
63356561366236343532306638383763303834386139633233366562353832613663646336393136
65333161393239383436386535626464396531306130393032346335303065343561663462363436
32376139366335363339393933373966313932313731646163373363653863336166366161313530
31313030393330336165633734366636626633656235623865353439313835643335336232373761
35633566333065313233373032643964383563303565396261613036613331343561613839353134
66353364623037303534353630623230396136323931316461306465643764663432383663623563
37643538666231313934616561623961303764303338383161356139393366343364366239346434
31326630363735316262613139623462373966626533316566306532326535303431343434313163
66333934356537343033343334363761316664326537636232316633643163633061626534616336
34353433343133653338353538633838393263343930643833313464363963633030623131386436
62306437376566326635316130643630373339663334643231313931636566343934653031383835
32393838623438386136643361633237616635633564393038373135346266393137666234663563
65383139646165366262303435626238623462393463353533373864326166343234343264323664
32333866366366326362313135376162343237336235643161373861343437393963366531666533
38353538323062326162663563633435663664633666356465346133366461626136613863363036
35316564613234336239623935356239653433366430376230633637333764306231346163386463
36623130323534643666333739636433633266393833663030323832366335333238643235633430
63386465393632383437306131643233383666336232623133666566396563306237326365656239
39323431376334363537306134303334333531656238383133306137353938633832633132383037
35613636643761376333306230383263313034653537353532363031383462643433616463366235
62343864613435393462343831663935326235326538343130336435306361326162613430316266
65353431363535613031373161616435393533626364613366373866656531383562313739363464
64643565633032393433646432383139653166346164323033323035303366323438303630383963
38303130613863656132633065656639396362343733363939323230383161376262306532363334
63643030333731643062643033633564323638303563663033666663653761333566663361383463
36616365636638643231616239306363386662663131336364623738616161346134626565623863
30643435306564393536663665336630663836643663616536643638346331373238646538356431
32336130303262323063633264356639373737353864643939616335643339343166353661303333
63356636666663316535313735643034366535643137653731323634303833373064313934613430
36353738343534373730663638316432316232643838653363303238393037356336343061313531
37633430376634653436623635666661616333653466656532666336336662636538626663373133
61613037663532393732353930643631313839646337656236366539633034633963343233653963
31306231353566663566326137326361373165323466373437366435623233383338303233623336
38636332623466393237666463393631323937376437646436623837366466333338613834383265
35653564613664323431393333306239613062376666656631666632373138623164653134343164
34383237323162613361386362623537313935626161626638306262636262373963656238383631
32313336366132396362373339373233626436323063623833356466646363393261376365303935
62393737643337343032336166633864353537386536663666373533643035623361383239623835
31366431366339343066316632346433663032376430313863353833353566366138303331383761
32373036353964613238663339653932613136633632613635666537336163373438643039653035
30653739303361623661383363613032353862323264656433653837396435306361323833353166
61333232386132653733323762393932666136383662363834306634653964386662343232383438
39333733393630333561363434663062313163303233346263613466353532313063623337393437
36333133326465633330656137396139636366353063313135366233633866313435316134613235
35303166386537323736303239373137336338656166333332653433363132323435353962306365
63373365353139646135386633643065393861343630386437346134373065383631633237343935
32356436643063623632636433363766333061393165356265313364306338613762633961626163
61633236633631383665333636626432613063656263356135393531353238643566663061333934
34313761323261343963353063373632363136613662353462383839383735323532616364393133
38346263383166663335646138343666396465303566396163623261653165373539373561393639
63346438343262643933306637653562623938643661616531643037363539643662373765313830
38393764663337656130313765303534656438623030386131366364393234643934303934363031
62336265636235343737396461383664313737393139393962633233316530353131653561323939
66656661643665323832393661383532393164656234656431366631356235393863333432323531
30636139396533343032396631663165306333383932646163353931346433643061323737353331
36643239353833666436323134343466346635646334353862376466346362663432666433653834
64363135646334373238396264643133653466376466396361666564366138623438343865663966
63363037636338323637323064326565663665653363613339346635623636663961663932633930
33663961643162323935356464393861396434353766306161353634666637346234326636383839
65313464336361346439346439356131346434636461393665353665323161363966373930373034
39653065353437353736336561353834646233306234383938376135356537326436653432316535
32616463626231393738613565396363323932343832326639316538643932303139306133336436
63666533343466373466386335303436333430326631343330643639316435653132633234613464
37383133623832333232366466393139323531656636653635383032643838663635393066633738
36663132313261353530356138616263636431383430303465623031336163663462633831323264
64376330656231613364653364363430396566323437323861343662633639626433633837616561
36393436323965663432383562653130323039383961323231616561363131336532316238376137
36366331633031303766386566636135353438613164346466313832623765343865623630643932
65633037383231343332363865323365333038363366326339643438316535626661393636323765
35636635656236333861383364306465646462343864366665313436313031303032646561303633
35643230353963343063356130613138356565396234356665323932343738303335656664306539
62316164333035376332363934393439666566636362666561663665656666346338626361343238
39363461366266396336303461366437343836313031363531363535353238313933353262316561
34616634363532373031633636303665323033626264343261363335373335616564646331616334
61653031653163306361333233653165366662623566616135363230373965373164363063333935
32633337323537623465333336656636666463386530653132306262396532333762373162303261
31666630353134623530323939623737323265623234623532316164656263316633383736373833
61343561633536626432396165663833653263333234363961376537383031326163376435333531
36303235303631653335306335363630663864386432623537353235383833323635313232323635
37356162363434646237363262393561323239313730303766316135643363333835623539393335
37643833643264386561393362306531393337363462653433633762386361383964613830626335
33363764306332376634663165643866366461353437393134623838323864303637353934613365
63616363356136366138353933346565356136353131373233666137303162343732323864646336
66323831653932383561656565393262343361386365396635346163383435316530373434393136
62303839626539396131633438356566613863333530356637343433656433633461636132326538
39396333353736316534653065386562316436626330303266386231636265643937326235386263
35336436333631383631353535636632313933643263393633636133656535636135393730363965
30303964363038616539616561663065386265663838643532353462353236346533306661376330
66373832303462383938323432336561303964393638636638386265656163333062356637626131
65643365306366323565313532313133353634316536643638363732316666323230366235306364
38643463393063643964636132656239633663356333386462336464666135623435656531393964
63303530653437623765373839386330643537653730663136353734656430633766353862383265
65373162663039383932633139663434343265326533323133346332643238363939336431373165
61316439383934626261383238663636353166306430613064353730326366666634663164366233
31646135396335343234313533323166626138313633393663656331356265363734646366343138
65376130633333613165376266383566366666656365353064383032643866663930306630633033
37373034316333333630613366643839323662313833306436646633666331633564393562376633
61373933383037356538356462663637636639326134343531663132626339373932356537393533
38653762353833666261666535383862326463376538646463666161326662316231636136306363
63303063376134366433373531386139663865633437313061633936373037333236666333656564
62653733373133663363613461633537323832373033363462616265376235656232383766363137
30663565373738633733373763633830313137616166333235343337366630633161646662623532
64366332346437623937363632653861373632333063646633383730316137623130353338393333
34323462663738306431616433656634336662326163656436643831623138373462623534356465
63343664663331323736636463396333386334333532336166323062303865623039663335306636
33636263633132366431336336383832306531396239653835646265626163653132623164636430
35643732393461306134323639316539396663613539333361613239643862326166623337373063
39363561613765663161666164343762643465326134663139336366663538636333653830393937
39343862656230383334366235613232623761336435396337333432353439616661323535386633
64636433303533306333633835333930313836616230366535323039653238343263616431393863
36663036356331343063626365303761666465616237326632313337623666623333363066346533
65393061373663646432396537616233323334393963656263303533613364303533636134646463
37396262323833336630626461353064343562393431323062643533333761323233393966323530
38346466343938653666353937356334643861346139353736383164373366373638373633613734
30353034666334656232393562633662393864623131643134303530636435313933663239396532
63636136393664303435656563336265383735386361363562663231626232353932396432393836
34396231623737343532383636373138323836376232636430616538633663623866353730356636
30346233626338326539633034313165313534386233643136623332313836386339343930363534
30633764396263666530373362323430626430663137306363303462636335303333373366366532
36323139613963636465636232636137653737653765323262323634393264333431613739373536
65656566393538396361646366653966303231613234636165636634343938303066313463653139
65376437313263613966383161616666626438323034346161383630643165623666383535393438
30303338623937343564383138326234636538636131646133323664363532303364333138623338
30626232303632636434396431366239393461373132636434336666303764373664333530373538
64313965303335636235653538633134353234623634313530323136613938626531303131396233
66323161643838663335393836336430363636313765326464636266396461656633633531653437
34356534383364643038633436376639643365303631613263373230636637313431383838366337
39323238323233646433663261636234316130656237353038633964366337333063393433613031
30336361343537323435396266333664373238326530323535343430343365383862653532373337
64313666663931343335613239656163643733313664383466366537613763643135323232396238
62343835643335326438396635333863336166636139656263623735333034393133316135613538
61613636366161663265343362373864343439353638666334613964323665333361346437363337
39623066663763666436363836373333303061373963386165613235666639383461643834656232
37656233353533326636333038376337616630613233653564396464663736623366663637336431
61313462373939613632376533326566323236616639356437323432653061616137323632383931
66363438623565383936623733663434303030626632646361363132633235663236376235663932
62336534353661326337656236376431396134303639383934623035383666663262363734386534
62636266306266393132623066623634353132616133303734656437653533616335616565396461
37636437383331613533383039336233346564373735373138376634326232363264376666333666
35343832336562336466613534303264353561393763666130623666333561383064626234306662
61363838623739336462653761643133326166313630356539363532363766636365356462376366
31346166623236313138303236646134386533313561373666356139333733613338303461653330
39346139343663303064326233386664366337383730653431646362613838653138303531633865
38336662663932643635393238343735653663663534386161363964393365336432653733616631
34626264386631633835653038363565626163333961363262356635656463356162353736616436
63363938366639336266313664386537613165663631393035383739353735313239393237396663
63386562663036346366303631356335363961316261383134386363363333616433313631383037
33363363323638383632386165346230613837656331366337383831343736376334373763636238
36333635643334353539353333333338623263303835363131663164326438646339613362646136
33616636386334613939336563623862363666636433363061393766333463323936613261623235
34623337346330616566396366653531316331643639333332366239623537363065303561643365
63653265636661633965613062363366613432623462666135303235613138633430613566373063
62336464386362646364646265303831353536656464643137666639303138323265323736326631
38306635316364626535383963663234643230326532376161623030306161346264323934386132
35633032373530376333626565616364613933346230666336363832393464613161363930646231
61303731376163623266623535353666666135663931643963616662626465356463656331396638
32343730386666376263313639363566376164626262663939386264376536363235346535626436
34353662633732613739666637663239623832666265363937373434306437653163643866316538
36343863323333356635333838636338643631626263393730393237613065313039663066336339
63343932386133353335326134303563636361633361633731393236303535383532363839396538
36616263376465616637633138366235666235346533613938383639646631316333366230313239
37336565376632303364376332313964383935396539396438373030613165313162636634653466
38386363333166663332373262393931376339373939383636653163393564306430356631623639
65316137356564316138363461356437653238343433633839366132346630326630323634363461
37326537336335646463643061396364373333303636336465623032383231616435666533366366
66633765326537623639363966666130306439316231363265626136336563613532373462643666
61653334303735613833646234353664636333343937383962323235386239613439653335356430
30346166336337613430643037343132343034343638326431313931316535396163653330643631
39386432316364393037346234353462663631393862396537373965323766366131326535666363
65643463383338626630343638333361656431616663653230656539613432343761643736663737
34373333393066323439323935323439646637366436643236633635333836623137623866646566
61313966643965373439313762363836643132393035336566623635316335653739633231653736
63633334623733383936376635353264383039616338396630356165646138653266653861396331
64663531386238336630343166306365336566346265303038626465363964366639353339633731
36613930306636306139666333353331323834343230376664373061386232373965643637643333
39336437363361323366393338373137336237393862343535663132343464383634313466613463
65633161313535656233643034616462646164653361313738313163316530636364663465653436
30363035663932373962393333613633323231303336316261636137613338666665313834636533
36633338656137306633663935323536313730643631353161393731643633646131653063346537
34636265666264386330393234313266663262623335646138356133623561326135616263666536
38633133313065343966633663333937643165356433313861393464386665616264316334333164
36306466633332366662356535386632316233633537623737663132323130386436306235313762
65303963376233313534643331646235323062356131316237313738666430643464636539646135
31643065303036326461663366333934663931323164643463353133306238383266343461376236
38623632396639643330366433316334383765313836333834616665376363373034666661653038
38343434373961343634336661343839616237646662623933643038613361343137623762343939
61633833373862393930366132363264383032313065346565386530383336633237363966336234
63336234313130386139303931366161383730343531623333623031303335383434613165646533
34323263323038346661363462316437663932646361653461363136356466643562633937363638
35643064386566626336363265613936633866343839393630623934333066346330626564626662
34343461616536623032663833633261373064643933366335393232613666366332353730633737
66623236633531363236656634636262393038303030323735333235373132363461326437333930
32653439626538306435386137306164323937383664623861653461623436636161363433383932
37666233363364613231366463323663626230313433323134386233653338386566323632303232
35313461656235626133306264333332336139613434623538366333336533343134633961356461
39373936653366376164653233353736663833303864383439376339346661316466373930363133
31356236303133316166353839336432646436333832633530326661343963323562336561383339
34616634633032313239616435643764333263326362643038383931333435633539383562383135
35333161373639303037393633653436383438373332623765373036643732613438633738666534
64386130616539323664663664343835333161353366633230623832616138653537373932366466
33613032353661303034633033326638613832366163646163633066653733383761623330613535
35653337376362343831373735363531333736616134326633306131613230313238393663666532
31353964646638303336303938626233353930613537643361623334353134626234383032623135
37613062613238666666326664643538336662663863303937393964316564386530626335383232
61343033366135323736313530323837343537633864306130326230653236623137613437323033
34363635643165376135356461306563643963386138343334376335353366363039616562393165
39623464386432336134626563326334303535376339653161303038653730343031333837396530
35653834303964383034353861633435343039393165353964363162306632633636303563323063
31393265363164663764353362613036333637373731333033323563383136313534626663633836
34333039363663386234303737316661393534353836363766353639353562666633666365636232
61646338333364373737393432666161386233323936363033646338353733323935646330633466
63663134353835326637336361666664386261383664663037386264376631313335323066623663
66313931656630356264656462343164343933633930333037323064636465613135336132623339
62353732356561366262333965633463666363663437616366323463616339646261373962666364
31363466303761633631653432626262373361383661303235306261383130323937306334633730
37643466633637306131326431326338373939623534373334366436353831336533346436663532
32613561666130613932303037303561323933636530636166326638383262366334613432636462
30386435646330636433346565613130613532316166303566653465636135653561323436383234
34303831663138343038316132356337316565393562393430663539633038656266626566643366
63343531623066633864333134356462376235623832636564616363303031643561636661376633
32633062653462363765653964633335366138623438333734343563393265623862646365663330
33396564323733643465393662366234366430656635613764376531396131656639356331313661
34306531626630363362383365333634633732666164313066313935333831376134313738326662
31303566323539656535313033323739346231373534313139376564393132663466306365653763
62356233643432613034666163663439303633343539333066616665376161613233383539623234
36373261336264653234396138353137386136626164323462656539336433333831656266326238
62353639313733623738383937646636666661663034363034396164363766376438323434373766
65376133393564373664316536373736646533383332306466393163666262323930643537656634
38613634666338316264313539643161386163326539323762346263643561336431653939666263
36316462383639326232373663373562333361366432623135313238386162633138666432343764
63636534623339353166613564346266613130646231613431666264366433333033666437653864
37666137633064643561323234326631613034376164353161363333636535373365613462303132
61386332663135633739623934653866326666306266376532393736323638313865343063306336
34656536303835613365623430303362306134383637366332363032663662383334383836303436
35346630623732376231313961633433313339366437613031356264623064373436373533303866
37316161613065316631346366336434643961323933343865316666373761633336653135353935
32313934386565343261336361303139383130616130313766613062356461373736663439343134
38383562633631616661333731643262356237316132313961356665306363393664636261343530
32623664633133636663653061336161623964646437646238316362636130376633353161646633
33373861616631306134633236646139313734333732313137316363623637386437323963346232
65343232636663636661343838373735363230663335386564626633643232643034623364336131
61303238666235346236346464363335343431636639396335316461653436633861303333343064
38343866646463393535323637303066623632613637373431656331333932643937376132626133
61633836623161336335353533333037366634333137313163343165316132383662373365616561
39613435343630616536306531323963336330346563393735323634306338353565353664663362
65383863646465613531323034623562333536636235323634316162376230376133353539383463
62363838393139396330313164343432666664633564353961633932643032623830323131373130
32333533303361333433323839323932363230346631323362333233376362633366666436653632
35656565323032623837306133663734363132336232383564646233613763373539616635623434
39613564306435393666666537303163313666643330306430623534643136376362376664313633
62653164636463366263343731393966333431656366353861306230613561316462316434333531
30333635373432636632303562633334366661343039636636346536366338633862376364623164
30633764386338326531306236663136366530643033333130616333656462616535313538646330
66306262333336356133656531313336333962303364336539373836373365646465363534353466
64373664393939613262633965326364336363663330316632636264613064313161623262343734
36613631356562656262663730303430396639343836623835353063646134653330656331663138
63316439386362613631616437653162383564303764343264346162336531333533323236633237
38336433623638653034353837343139613733316532623538313730353662626662623666363034
36343664343937333538646163303965363563333564363262333132323463313438343238313864
31303534333164306231636436393937653963623266343330363232396439666631373264626137
63376461343639393966343564373638616266653339663964613061326632323135323831663233
32336262326162616664393130336136646334336366396533326437373030336134646139663863
64613838633036313136653064363461303831616437333761616134333865396437316634343263
61373634663466323066653737343935363064653635616331383365346634663630393264643732
63383532383433646161303635613531366662663135353264393935363336303434663461373236
38633861366465613132336433363063663334313337626465313164393630323265383731313031
31666563303465356163643539383131373664383533626633303230353434396136643663313063
32616438383838343865623337333238646532626632326239333763366534303230363865323630
31343938633261313737646235656136643330333439303638366136343939613861303166383661
62386139363538316363346164306531376137363137663536363636623537336563313464306466
31663332386636366163353362626632623836313562313431336430393564356331333134313063
61373865353461333733643964663761323766666630303433663834653933303861303133386235
63653737613966373834666233343034653430633530653932343935623333396630363931356464
64653135366332333233383231306238316333303536363831636338396363316631653964646235
66636636393866326163303737323162396638623961633934366563616137313134353531636133
64613437373530386665613935636638646563636332393566626234613737666163306335326536
62623136356130623536643734633265643962666662303030383536326635643761363239663961
34616361356262323931623638633231616363353563626639643166636233666665333661333366
33306132333638306433363637323030343961633037336263366130376636623930303366633337
61633430623637663538366435353361333833633337643439646135363566636238313263643332
31333239363138353161316561333462663338393661373438396166336633363632303835663032
35656330623537383536373734303836396364623137346232306362633435633139383731653137
31313232373537353832363836613335356265656537366435313530323233353765353938373439
32383733633166663931623163373463613364326436633466643339393336623538376635356336
39623535386234393562663764373263666137653732326563373664313333386437306438343435
39656466323235303461626131633962353230336466343031366233393532313761626338636663
64323162393532343562373561386439323637666537393639626139376130306334363135373061
30353666626465316338663535656234353735333831663161333566366338643338333334343765
32323762333865303662303334633964363863326535623366373335633531663565356163666337
31663631313631396130346339386664326237313837383839636664396166653330356434626632
36343466636361626166316637363839386266316362333639636234313837653163613636346664
37333338343230353563356664333536633530633335643262656162313136346530343839336130
32646664303462633736353235306531623538326434346539626365633235376238363562313961
34313233653265666130396231396438323363353565396338663132323833613761313665616333
62616463363161353766393837353437653938653465346463383536653536643732376530353464
33386435396663393932613739616563326662663535643066336432643063303365363665643866
38336239303763353762653032303832636466306539333736353638346532646437396563643439
33313061323837663437316637633131633934393934646136313462376438383539346639383463
62663166636133356365333336643138636133643137383535343864353264646333653539313637
36366364623637653265373065383634666266383361346631353136323066353831393933383435
37363939316563386338616264333664313137616138363236366238663135306564383965316633
31653164333761373732396233626130666330393730616432326139396638323966346166356532
34333132383934393665623236336131343231336431366262343263663964346138313234633736
32633137613934623338366130393365616662353233663063383562353663313966646437376366
39633462343863306133383665623538383863393365326532383832393936333363393030643063
33383838396430313031343639656530663962363739383261333733633563653161643230323939
39626264336330393565663664616464306332633633383637613136336332633233316435343937
32623963626639323061333363346633333462386132613966643635303836636235326161363835
34306236333132663964613432336433653331336235616665353336623533363135616161396666
63313363353933666465363364316137646232333730636535353633316432393763333936653163
31303731313339623332653231323663643233303232333339633961643362643163333164323131
37666238656235636137326539353965316438633531303665653166396434336237333631326532
33363661343439663831333061653437396461343862303737393339333064326132656362303533
65323164653736353561653664363838663839623239333336313037623837336139383864373566
63393936663639343037633835353039613162643432343463646661323335626265383231346564
32386261656430373332393763626336666663383833616664303439616463393134393062666430
35346230366563613334363530366531366463613266653465323662383333643263623036653733
65393764383831616561636530616463366163643462643266353961393936633762306561653861
62336664616366353637613662323430616662306639313339303562383930376339306537653031
33376437313430636632623435636664366336646661353466366266623332363939306639303630
64636636623231316363613333616139396436343933656336366537666634353333396139373539
32333230633033646431653634363435393230353363386363396134373437373733633430643130
34306662363231643865303339346165303165353937373963613864393662393137633835646333
65353737616332623762653335326536386637626534393135303838363038656164366533633964
38363134393063303332633439316435616462613135616262623963653732633236656534663230
31343665313133313734613530393937396334626138633136663762306231306136643535316637
36316264383937376465356135646331396533396362663538386534663039616239363435353963
65373433646639663739326637386462643539306662383836363034663335313638313961343430
64623865393666396534646361373234646532373730363433346264393430613965653162323564
35636539333261313966393739656537653964353565376534646162663637636661363162643431
32313665306564623236623530363030383130383038616263363837666238313833626135356238
62356266393830656263313233613562643834376236353765633631646134666263623330646462
62366463313831323031373563336339346461623638373863623031316330386234346563653338
34383538653134663135636163613736396230666139386332336438653865306665636165666336
64326465613837626634336363653964303361646665663434393562633136643136326439336232
65663630353465623536353761313037323835323632373237353336633661666533623763613665
30636366623330643736613632303565393032316338303433616362313063373039393534393632
62343464363866653465376531613863376266363839663765346539623032363866383964393466
37663832366365336665326461626139306463346266333964633462376664643731636233376436
37346637393030643738373136613665333165383836356131343135356334623963656639323865
32633664353736653336653032386565313539383933353539323131326561313062633335323133
64663864376365373864623532633264633861366431303565663865646539646138396338303532
32323736303963333332373862633564653838613963653636303335623139646435386632326565
38663032303134363239393466383837363432316535373966383738316331313735616532336366
66343465343664626638653836383632613566323334373965666561306464393333383438386265
30353735393736373835646232663861613565343234393536303335366462363239336438356635
66666433313338643062663464376236323930383634376662616539346438643965396637343163
31386636333930393761336466326134393131393966656563616664656362653231396338383034
37656631353832383738343633353639353965383031653431363333636266636636303936633965
30326665353933306638373531646563383339646238313166396134666435613436346133633532
34333164316230633834663735396531396134633336613062353938623264393037333136343861
33613262373165363336316634623136643832306534336164363937383766616236666262666531
37643063643039313564336661303437663835353465363863343263356266333433363961663838
64383339303961366231303531663630356165386433393337336666373962633337373961643764
35623932626365373637336361366233623761626165613637306337356532343031396232646130
35313935353834353238643932306138386466393031383536666232396139373461383831333065
63366561646665643032643037653566653836616135646666393538356433373431383430363361
33383961613461366334313964383366356632633635373862663430326130376130313037333533
39383038373139333461633061363330313835396434616639616266633734316539366161663237
65393661396439393839316561346539383165643530323430323932333238666634396362306230
37376532393661663333353536393638366135323932376637376661323962613361343739303761
39333163383135313932303131346366343338653634356633663864626233613361366136323835
37393833306438623931366237353133383166356165623738653466333437653031636564636566
61393838363363386166353465663231646530636135376334666130613738663730326436336130
36636665393461303662386165666633626364666135643135613162623566346236643064623466
32626138613665396430623335353431316463636438626664616263353336613130363166623638
33303263626236326439386164353364396234656661313162363235396432373035323963303136
34396235303636613062353561343636393132323331636261613162343734633832333566656134
64643235323734383435616366313938643163633664623533376538373264616337643465376336
30633062663334353838353561323637353366656530393666303031303338643963313935313431
35333230613965306133356262303533346263636536633064666666643237643633623463343839
33373839643339326333646265336565336637336333646565326435303866613566336638313964
65383161613264373064363231633366396462393937393035393562323565343839636638326262
65386236653034626633376163326237653261386439313066343234613836383139333436303530
33373233653432313535313235386661346166643535626331386264306133343362646365366436
32613336623433656634356166643236333733393538346332633965333462643633656661663361
38313864313565383536656166373564393365643831643664656632383532386162623539633164
35613761383031343461326332343564393431626533623639376635656565303434653930613337
34353535633166303262356137663137393462373364623165373537386432326365346466333364
62626366386437373234643037306261393236663238633561346337393563333437323365613166
33313630316334323130333662613130353133346131336239353832613463323262333532353732
65333733646438623139633730386634323531336366636333363630383466336666303263363432
32613164373238363632323663373566353038313464623765346562383539633538366137323163
39663537363566663037363361343831353136356633623338646562653064396537343936646163
38633435343766363862613963363765313532363066303863316137323331303231393466636636
30303333626366613161616337303362386437643030323864313137383433636166303136653364
37333530633538333766326362373766393231346663353435393863653064313766633064666537
30326165653636373131383761363736353739613534616434356631333033663830616435343133
63396535363830333361313564333161383161373039366438323333633738663830313664343330
35346561653631396662373333353234643763613838636636363762333236616137326434626634
62323136343635623134323862646336633866663130393237343236393330643963656136613061
61313162656539363064336465393064616465333539356661386133656136316339343731346636
37633133656162626162383762623666303664333432363439393563383436373466643265393963
61366562656335666231326662653530306535303735303366343865346463313633653032303630
30613730333430363534393865346637306335643433653132643136656165626265336462373138
33326364366331383061343932636534303134623763386562333730306262636237636134346434
36626630633436303438373234383366623865396431393134346265326662646465323037336432
35633733366532373065376162613436306531653065373461393632333861623233653431623966
64383430646436373738373936393239646263343135366461366237656634303039353037623432
34633239613631353035386165643831326338356666323464373630306164633234393761306633
35356433663061613431376338316336643436303032616535636134313039656134323131623037
39666539393435386430306633636632336433386364616137383334333664663566316537663763
31363363616462363361616138336439636465343865626634623966366430333238653930646137
66646337643939613866353830363131386633306466353161386364393331376137653162373535
65373338643934346662366665633761363966353065646561366137343464383438343433323238
39323666613761333833643166656666636463623766376533323766336330633665343830663362
33363862333832623764303036653164383939343233336531373536336264326435363066613864
61326632383031383939316239313565363961333633313436636631373338656534373638353230
62653933313961373562636139396432316437306233336238346432666361653461393934646366
38633139376164633333643738653135396130643532303533633234303630623762623539393666
36353632333032386637323061376439323637636364333437613636306432656230653537373565
66383730643834326564663566643862666661323166393132666263666262323633623232396566
63326539643032306463613536643633303464323462393430393135346564633435373636383661
39313962636135663438636239323037343361313039366463643231353564623539353161363331
61316237376666323165313539393838326561393163373436363330363632323039306532623333
31616535636133323039383362393930623132393731383238323734316530383731343430323136
61396233393334363262323235386662343634636135366630386264636265343738666635376238
62346130343666623766303637303232363538336366306363643330396236643664353965646130
62313634383264656166363162366535306431356331353465366235326637663861336335353165
31303766316632343037336634343539386562313736376265663262326263613539313266303439
31356664356234356437383739393136303665393331363039306334343634363464393061363564
33373135313233313265336262646666623334396133323065303835396161336266633936386261
63636362613939313266
