$ANSIBLE_VAULT;1.1;AES256
62396235633166396637623164303035623538636333643437363033313166393038343537643536
6430303638363564303430326138373139613762323637350a636431326139646461333733373161
34343037313134646464383639663062663939333731633763383839373864316338663065393134
6563623830333334310a626162393061653464336632636239386665353335643031323637336537
33343465373663333634623632633463616532373138363461623361303765326630333330623230
34316135373636666533666665616536653435363636663661316431313036666362333337396165
36323031333266633230663230626232616134353138383661363462333630383337336430356461
39303934353334393937393164633738613736333163363465336330653562353962636333366237
33316263636337646439393832383633363039313566646561666239313430636132303266346433
36383365386439663438663730616533303666326133313339326265363662393565383239343535
35656231313063626161353337656333653733643165653033323939646131373838643936646561
32656531333830333535316636653362306634663161386231666433303235613661383061376233
63666630373636613462386263336432333335396132656535643165306462646634643664383335
65643831636534373933343862353965626331653664643466303463626130363435333434326531
62383666656633323730363462396436653264336563366266353638656539316563663838393933
31383630646462363734656436313634363865343564376266613832323232623632326530353537
61636637653733383830303262383536623665306534333066376364663232633961636530626238
61333239323762663232306662376336346134323864373134306335356130343162323066653832
30366131656364336364313963323163396337363437346163376361363266316333303837373238
32383663626237366465656332663662316232306430366164333033626630356533353065666334
33383562656134653036643562666331626130373035373234656637363634316631666637386637
33376433386362383438613637623062386663356234633763396230316134383332356363646364
37363137383630663334616635363034303565613639373230383566613532656430636564663536
30343765373131646232643566346561393165663930616132306639353863306465643862653262
62656534626531333835613935393736633830336239383763356461316337626636346534393435
32623739393439346537306437653930336164373066313065663062353137653238313337666362
36353630363663643537643333333733323436623934326235383863616431653663663865373566
65343765343036396238613163613636623264636438306562353430346534656461663865313061
61363536393665363438316163633265396665633130336465613535623534353536373439666335
32333336643533313133363038326535333265313137396162363361616232386232326631623339
66333034653863346437393530303962303132643333303735613134666465623032643930646233
36346334613530366639396530336231643862373764366437356136353432326138396563336437
63313334393963646666653833376632323464346465316639323337343735303262616162333831
32396263623737343534656436343932323335343934653731396239623838386364313038306461
30343265353931336534333033373732336636636636666137663930636465666538303662326163
62313739623030326164353632366432616166633166363435366132653032326464636431663938
33646630626334623265366538396439393733316230356535306538303739346135623962663830
31396637343065656639383534616332643732653030653632313165376139613465333931386534
36663431373436343864333765356334356262633233663063656630366561323861653330356633
37303361393839346165656464643333343564616331343535356261373964393532646235356163
65663862633536303661336634623139303861626637323863333433646438373135336133346564
36353766316265623939353861396130393335366536663765376235626537646430653731363161
34356663336264383231386537653465643330353036386532346133303535613063346135396665
33366636616534653538623065366166386461623935663133313030306364616164643766313730
63613965636134383331323136373935633937346437326563376462393834646339306137633831
39646663653364346365376438613334646133633362306238323639666361326639383762636238
39306138623238656532613635323766623465363738383962653833356230323133346132633961
37376336613134396666356363343165316239653830313531393833626535386330393661633532
33656331656561386233636239373230353433613263396362663666386563333561393339653438
33353435383838376661333934663936383439333239346137386330636131626233383466323835
66373034643332613763376633386463326239633530393539616666653932656362383233646563
39333339623266386130613633656139306461646534333135313964383937343230656438666465
32316563323165326661343938356531363862623136663730363137323862383631643661353030
33623665363462303735326161373561306233666366643332393865326130363230303266613134
33353235663061376430643037636662366335303438643230613065316138313138343366326433
63383633353264613063323632356461633735303733326639663432326236396138323436636661
64666638653537346461643438313333616138623163616261303030636539313335383363623132
63336666343665356131333064383238656336343763343737666365336535396363376637653031
38636131653831303036646537383535373466396666313166643533333064396139323432653134
34656362656330383130313231626264393664303862333539643736316435636661396563636466
30663831646636396266373634373033316663376564333266633965356665396139356638326261
38616261356532343335666566656631613134376231373066366234633864653239343031373163
38363433623532633730396131393661613263393734666536383864386536303432336162356433
37626334386561646434636133643161393333356365653431383236653437383535343866366632
39626634333566666135393633613230346135373339366438623538306563366362653362623032
34653937633866646630356331303432616363656663653730303238346430386335643337656131
62386538616537636636663564313261393564383239616538313736306438353336633837343736
63616461393335666634626266383865393465633132383832366630656532313963323735663638
63613035666138643731653837633966623437383265373138633634333431316233396339656662
61336338613466343166626263623563663736366164306263353437623831343534626631316233
37306138653733333937363936666565316633353866356662626264333861376234633638643635
30623362653134343932363639316239383434633462316161323433613837393265363066323435
38383035316263306131306562383465653832373830346236336131386133646333396534313132
66313830363866663361316137303561356332646130613230326635356230376466373062336539
31616332306561653039383931316431326634666164633138303662646233616233313938383237
38343664613466353633653062646332336239626231623636623338626665616331656139633733
31373861363461363766666563623332316633326361333235313437633737656633633835343261
31663332653937386430666636636231313036333339343261316638623033643236306334393439
37656538346461366361393362356165623635383836363963366639393632653838626139343466
31393530343634643532336464303061623839623863326366663165323964383363343165653031
30363039633532623761383330633766613435313830366133346233626561306539356363373234
62353735626439396638646163376666396634393063393662623534333664366562313739313439
31333438653562613861303538363138373234383437633763646164636461373634636562303834
30336463376561656565636532663638323363376631613137383630626136306231383136343533
62633365646439383365363332373135303237623134363035633966376536353066303061303866
38303364323630656234316238356133393233376166396164663132396361663764313763663262
66303161633563666236396630373664303764366364386439336365383734653934386339363266
33333832313763613637373530363165373938303062353435623635313134383265646562373961
63323830636165643535336336313336653730353430373763613862626364636634393664323565
30396237346562613839323239333533623338646138333934353265623639613938383966386230
32643264646266643532666133316430336439613034623239303837326262316439366239336530
39626433343230313763
