$ANSIBLE_VAULT;1.1;AES256
64623338663136613361383233336561303261316632623263643134623238363437613764383362
3638376361646233623230353536386535303533336530610a366536636631393066626465383465
32633133346265376535386666623433613236653264643062396331363933393065316531396132
6166633561376632300a303639646261616234336238336232333939373064613934363236323635
35643638663536653931626466303138303835373965323331386432323632396361323139643330
65343937343033303730636334386233613765333632333634653431373631636466616161306466
33376664393331663266336137316230356638303833396333653563396135346365646633366332
62383232636463636365373536303538363566326538636430663231363332623832326230633831
38373630383861653536366230336531646430393439613131623763363064313534643365396532
61613862613366303734306133323033356663376432663834343736376435336135353830326664
34353637326531616266313862343663653663643763373965626131666463346563633762616338
39326165323833363463626133306637393766313135306362376237376532343030663239386631
61626431363632366436656230383062343635663730656235616131626337633739303663653238
38666537643034373536383833383534323431303265346661323635646566343538613439343031
62666464636437336463633035646230323539343032333965333538366136643230303566356666
36346663346166633134626431346364613864316534356537616337653063386538353864303566
33346663336439303933626562613934303464373635353438633762613266343432313261303033
35643737663435613534616662303931333663643462643366636361383263633133393333643931
35346631393038623134366665646338353932363139323336386363343261313063323839623238
39336365376432633664353533336132623866386430356636353233326162626534363262383464
39393139633934646333343532376561653766333335653036316337376138333263363461616261
31346334626535336639643163383263356238313230366365313132373138316361613134663361
36666236336437303034393261313637623933663534646664356435373134336137316162363064
38326331666633643430303433363365343636623961306238326466326261343739613765346137
37336333613730626533316637303036333365653639633362616236613139623566316361386466
64323339366331306462353433616135333933353962366230306434366565663237346162613434
34643862626432373563326463613835316266633862363039353336326231383233346361636538
31666339666565333065316265616236336132373836386463653862623764396462393563633937
35323536333732613063326639333361363735386563666565303964343737333530303261323561
37613935386131313033626531386533613039396638633832653138333137353636323536366631
63336632623234313864623862396333373330633265333836353233633566653864616338316638
37303738363762373964326637623464376232623637633739306635393430376230313035656564
39306162613366663539623934663462303933613839663633386339616361313437663465646130
66663831646362353634653566663738383639363431353765326661343964346333663937373431
34623263653738616164646462613931376335386231623630396132393961373634313237366562
61336363643635623564373337333538653863656561613038376430343036636332386663326361
35646361363738323761633561623736393735626635333736383537326466343762373232376435
66323439383765636239623463636536313462313030353333313830346365623331663131353732
38376630303530653035666163663639643066353833373639336165333139326637386438383637
62633332663962333336393937353465323239666466643462353565363865363534653233663831
36643534393465386230666632643962313431323731613034373934383733313562373937373436
62373437386233366437653534616431353334313564323034623638633736613036326561393338
65333234396539626262386137306532643366303632656465396136393666376439666431363361
64623333326632623761346633366136656236346331396432386432373533333366393839663837
62393333366639666439633137376634306464393431313865666264353035373063386263383038
30623730326166303635366263326230633665626333646637303764363837343931323331666138
30663066626563386239343362636663353864316631373564323732343039623161336366653630
34333763663163326430633534326430353133356137353538333736633763333236306631663931
35623365363665396636393735613938343863643561353436663233316665386634616430653162
38356533636162393661336566653738636334643631353564306666316166336435336164343866
38326237383432316638366565636533633736363737633863393162656462323235333530376535
65633734336439636562623034633261643731306461363765323764373631333766656231653333
37373363356166653130376633663037333334366336363362663638343831373036613632356663
36636639383563633266373263623931396464616462623232356233636130393736326230626162
38613761366431363930616263636665353265343263646562666533346435306437663934323237
30373430386135653532323161366632623063656232663537383435383436376164663362643766
65336566326334313533386361646634306437383365313733373831653262633766646231616235
64313061386134343661376639343333666162313230633362316533376630633538333562386337
30613463353266626233613933383336343232653563303835396237323439363638346330323066
64306638623933653539316335313135653531336562386132353162343432613064353564633365
36383763363331386165383939626332303238623736643638663561633836333230313735316435
64393265326564396135343565333362383933653035333961636137356264323835643765346262
65326336646663376530336639616362326538386430626436353436393038666463323831363663
34386364633835663134316162626131386233376465353539336639366562363137643561316339
37383563396665643362306261306665366231396336643865613338613065363062323966353833
37326464623766396430323961363631393439303339653831646433363231376332653933313962
35356638643332306138653936326465326230643966626664303439663439653639343737363035
61393036623932313533383963633637386631346433353363636537363166633461386265653964
62376666663362316666373534613939643931326431303332646534656238336365656137346162
32333132623435353930323662303863626338663037383933336662386631303566363534376162
36343463383134653235643232626163633665323062626434616561333933313833313862346662
37653764326138636630613161373862393039316635346364323563383565366564353263663038
31653739653963646664323438376434656137383234386663386661613230373932396235336331
34643136303033616233356632363136356436383835373730343563633831626537643635343766
34356165646339383635313632626161383161323931333238376230656664356632373134343465
33613964306362656164636165393032336437383364353635663365313431663165373166396132
34643339373130373534323837376231373962333464336164663833303332363237386635383131
31336431383131663766383331313633396237356139316138633535653461303361366565646535
36663937346234313339343466346463353465363431343833313838656434313364646464363937
32373563373562346165393134353862366165313230326664623261373937303763633432663233
33303534636566353332323738653536343836353231633461313866393235333830646331383336
63656138366366376638383261383730303637356463653361636162373839376364616336336361
31356235383263316562356332303364383937623631653731353438353535623062623030626631
62376663666530393439386235646434303266366339393930316237646663663136346562333531
36633761333237343536386539663736666231613939316134396265366239653132396332353636
66353864663332633533396632336334646133633231373462363666613663313964356162656165
39653730356631636463303036396264633333323335336334666565336137663861363866613031
65313335663064353337313133346533336461323366643061326239333064376164323335363833
32313633313638323134336365336132626139633631613133356365623361333437623265643266
32393634326661636337363264393665663863333764386635333163653532326134373034616530
39356631373661646265613336626335643535376235323763353038356138326162343234303037
33366330326264616436
