$ANSIBLE_VAULT;1.1;AES256
36633432356431386462623930316561653666306330383331653636323134393238333164323964
6363623734623961353030613436613430353263326338390a643565343034316538396638313764
39316439373636643339656230386563623163356165343530656636616332363331613565386132
3963343936393264660a353865333761313337316330306563303430363930663335303262363631
31656638373534353366326333366533633936646563666535626530353239326366656263383630
38323663666462623833643936333032386466346263306137616362666365336363663035353835
61333133646636326231626235636564383531323532373832333430623763653563366635656461
37396638346161306161396531336139653365636532636261613362373732386165613132353633
30313533363736643235646439336631383330366265323934616263626533623831383932313031
38353531623330353232633832336235656561626663626235366634626364616465323762613032
62626163376165663039323332343964313337393034646366353339613333366262363865663431
61376532393436326339643536366430343233616539383561656632666162323133386632326135
34636638343564646230623636366663303865323435343265326235633761633337333631656534
34386239663561643932383166373034313632656633656132316633323461663537373363383833
36326233643339343833656634623631393662643061386661386262383039353531626135343464
33353966323161353265636564656662366634386265653863376530333963323633633132336334
34316237656134666539313863356435336230616330303933353334653164363832393637633066
34343535656234626363376137393138646361646437663564653334396136663238346564386630
62646334323531626162313938353761393035353662336232373931626138343235363332333932
39393139356239616637386233633261336337363937366237373665643138616435326536643336
63333532326361303961353666313563373136366630356139653464363939663331393035393464
35333662643161376132653961633935643863663364316164643932353830336635383730626164
38643631323933383961373739663963653937646232346335643932323138333662363936313661
35333936623438316534626366623732323566373638353631333164613430653866376237306536
65383461323035613462626162323662346161366366363337653062383033613661626230653635
62343066643564663331326535333466386561316261383566643137376537346333333164386463
32316130633737373661656432666638333462363634326366646238336230626263373638633364
35373962323839393265356130393033326330383165346639363934626634623835393062633139
61373664343138616432666430306136303331383732323538313131396561303661363062663936
66323738306666346333326363383837656231316633376235356263346438656261336432616634
66366435633930626264626334663362353839643762393030373263333336363763316564326237
33383561333366383962383734366334336437666636316261333632643337626535323932323563
31363761613838623132643633656430663337303332633337313533313633353863626235393133
39616539393631383634643332396366396634613365613339376333366362336366326133333236
35633365313962373466353964626431653361323662633935653065626662356235366665626334
36376531356234346261336663313762663130656165306237306335336438363261303237326438
31353432373937383134633130633836313263326163373361626564363563613361396163363033
31646533643332666133396461636230386233303761656266636331623239353833643134316265
39373338303862653930323333393531363136383966643337646664343563333734343437373863
62383234396566366633626663643261323764623262303465666162333461313532663539316132
31353165366538373334363536323133643332646665636531373361323839323738363166346634
63353963616564653339303034653131666634383261373431373166326361393432353938663338
34643162306530633266383638613938626331303037333663326566353364313031353732336131
61363761393632613231373831386333303834373166343130363236626238643235653531333336
30633766373164386232396230653333613239646161636333373462306231643066313836303866
35653666353236373135373630313761303163313337366234323564623062386539393338303636
36633361643431663234303433646133613531643133623232616263636239666333343762636331
62383731383430656561616133626535633263636464363966653934366134633831366662306635
37336235663839333136616563623034626138653566346432646136376639626632376164623931
31656366343836333261663136656131396332323361656137326333323034343435353663386236
63386433666263326361396464353663396434653465376366306164616439333461346336346530
64303364313430303436383065366363313635343431346639643534636235376265333139613430
35373031383335346464333165663164356333623364333632633836396432396138616161396331
31366233373463303562366431343234386331343733626461363166393266336639303037363634
65353032346264366462323463626431393434633863316132343239666537633935306233643530
63313038343866336236366637636634386563613732626264373864663038306531336136326666
35383136326339306461386262356366666538313430616637303237353266656633383761386163
66313839636435373963663530643432316431336462393637396166303761363766633430623663
66306236346262343264643163373639636662623534653661306439336361643263353432373066
31373661343630623632633135383535643666306362373331353661336364623239653362613663
62633537353733316531373337623366323931616436306335326530346562333365303333303139
34383739333736333665633334663638323733613736393332313539613963646634303036373631
32616261643566383732616433306239366636613064616430393939386362336561343630323131
61623230313865623734656561373932626538653064363635396138393134373762346437643362
63613165643230383163636337386464343736303861346131653061323064613632353062346665
39303631343536303132616633333330623530613834386139653936663638363563306566386536
37336238633666343431653737383966376531633835613334383539613531663633303130306365
66393934626262353332303035663561346633336364396365303033313732626530616537323566
65383064346265353539303765623731306534343763663635333136663064336563336133326461
38373461393063653661326331643433356339356433323061613830346337393164333561623039
62366639383037386330666238323465643164386662626263343432646661653230313866333563
31313733633735653534636238623133316339303635373238336461323437393031653066633261
61336332626137633233663639386664653461366334336233353133333061393438303336643265
63343532633334306232363461666465643337336664636438636465373231646661633430643664
62646666363039653338643839653435616266366630646530323930346137636430646663346338
37393938666263653638666564643132623230663433656564653539306338663863353361613338
37613630323239383333333530623366636531323761613731646634626566393534303433323461
65653263373665313662303839313835636536626261636136396263356238353933653566333731
61303765313936376630303237656666623064393537333165346439396638356165393532333039
37623065333966323531323133316433343030336338386361326138663562623230323031313238
38633632313139376631386534336430363963313037656631346137613438666538646666643435
65653561353564306361306433393234326336363233653136666265366238646632323665393332
35363936323264353032303537376133663064336631323765363566663437376466393630613535
66396431323462383661383065306634343562313866643434663565323538626161626630393530
30646437623030386265393362353536303031613638386438666438613163626438633161633131
38346234323233336234643438383962643238666661656136346163326139366236663761333265
65333262653533613231306131313461303235613338623634313735643163356262663633313938
32303237643765356536336539646531666236393766616132366564316136333466366262346430
66356465316264373662643063666336396335353961346131323436363632663736303839653630
37356537393036373438633333613062303832666533373661323336666164623836633032393235
37313732636335393464393766623866363839303834333534653663303439393739306439636239
31303434653137323961
