$ANSIBLE_VAULT;1.1;AES256
66396339313065393165356433633164643230376434353630313338373738623530343463626162
6363313562613939643134366565313338373536303533390a356639346162333066323637343063
32356163366437386531356136613462393234623665306536613035363632353839633162336234
6264643461353135300a383430343862373365393638316536613761386665356366306637313937
33613833333338393561356266343737386130663430633763663334386430373563323639656131
38323862313566636362616663346233343866386334666636643937306339653036613836346237
65363036383264393366306164316639613066326665396133616639653662323761326532636666
39303364343965643761623666653065666661623839333439336264303237636466663163663963
35643866396336306331313339663938333466346637356563313131393665346130613661323335
39376662653339303861613764343462306663316330316233306236376564623138383465386138
34313132326334616438303436653365303364653139626363366530313963343263623032336664
38343539373038333037373062363139386365373339323333323733303562386433306530626239
30633337396164393132363462623066393362663439373936653139393632366565393963636165
63373161643437313435353639376530386465313535376166646130343730326666303366643934
36653933326266383134666330366462663131376632666562643062393735626430346430386463
33326137303538646637343662626662663937653735393563363962383933633664393032643538
37353463363832633339383332613033363364326336663135316633386264653336386130643535
64313361663963653733623064313632386365366433343663383435386265623335616338666633
33313337356537383562343632353835303664306166363533306132323535656430316438323630
36333234636531613465313530656631313337613933666463653634326335313366376366623239
66376139333631393430326433386165633738656135383633393637346338653031313261333330
35343765633738393865306434313730363937316636313435386431366561363066333733323265
38333438356661653534316633613538633564636166666161343330616638653231363039313033
30613438323336643239626363303832313165313530363266653265323632306332616438653234
66353866303163626232643137346530663135363764623337366532366466353436626463343935
38393237353730306432313564333333366465363335663766636362636134373662633431663439
62616630333130376332376232353366353430373966636436366264393231663662363162653464
35356139636232323834653339643163613631633966613639356165636637643034396137356234
33363138303766376430623732636239303638363934353734303365343666643336346630613437
66363934343230653063356433393965366166313465333537366238393264346234343532356337
64386231646232643661623561653862616461373334363937303730663236643565386665646163
31666261626434626436363565363061633937623161316231313664663765633235383161303265
35653931623531643864363638663136646666646563373439393061326532656435383135663133
30303036363934636261656435383765653362613533303137393763653737353131383137393539
62333663383637643234356434383231626138363835633939653063363966366162316361376530
63643965303837383663363932346436393035636465393931623564613966646336396331353162
66393933386532303934363961653862303866623633326163356534613534663063613530316166
36306464666563623938343431633937396638383664343461333038316533626362326631623563
61373564623839613531316464303531623037343562366335613666306237636539303561383036
39653230666332306239316234313533303365633336323066376463303265376163313934396139
39323639663935623333303534316134393934303562316537306665353139333133643336613464
39633862303635333432313635663133303666376365636130366561363861333035666333333734
38633334343566383836323665663738653863626265393265323634383637363130303034376234
39633964623632663535333433656137313666366239643461623666316561366362373463396339
66656461356336383339663330393338633730623264666433306333613334326263373564636264
38333733303361663639616136363261663532613234356462616366346437666432326436366461
34633236396662353566306235303066663536643564646330363034616163636334323931643137
65643264643436323538326237373035366363633361396430633831626431643735373265366330
66386631316536633362643532363537363333313564303031653936363537333834663362643765
35643161656133646538626162343635323538643561623334363435336634336461353739613433
61383236643566356534383165383838653839643662326630383262383563313761636636333165
38376635643334663262653834306534636437636461353663666237376366656132666336343830
38383033313337346634306636666464633337663437346264373963346233393565396434653831
33646432623037343364363031313139616132656563373239646337306437616637333034313738
39356630363562303238643033643631316163373733376263383962353034383837303231386664
66303934313862303136313035333839636264306561326463356466616233313365613434623361
35633665656664656634646638643461353132353234663639666166366661343933343536616566
31303934646531323666653662396139313162326139343536613463376266633862353836356664
35633534616466623635313432386465373563613062313161316532353833666162383139323661
62643130373733613531666562376565306332303262363163373630396262343232616531393766
30636336643166623533623032333035623232313834396232373964663261373630353535663631
65616266373530616134383838656364626339303162373131666562646335393737333737313965
32366138383031396634396534316630303666633239656139323239343863663338333836363537
36373935653565636431346664393264633232646533323233383561343236636339343234656266
36666636613765653964663064313163343131663331363335366237303239313665306235336162
63313364363439323831323830386236353334626261303263333236313634396235346332636334
66306262643535386435356162323064306263656362333135633232353837363230633932363666
35306335663164363731333439353365333964643333333865653065616164656363653866653362
36333566376638323338303039663132373461396234646631643030323630613136336435653061
63373833653161313763363239623630336463396535643031666265363561346161303635643133
34316534323164393034366364653861306337623739326261373565353939396339373835653662
32646262643365316631353836646363643130333533373332326139306431653430363635346638
37663131386332656238323666356238623462323631303136366130623163323330343233376538
31663262363665356265633038306331623937303966623566303265333835373333623737343836
30386435646535326337393632393630346138393235633961626236353038613137663939666530
62633632613834666132363866376664383432333133353432646438313862336336646664363835
38356264363762336335383132666163646133386662663039396566396465313237636263643433
36653532613764666636353234343534313033303064343835663632333434633733343631313330
35306164613663333264343939306336346337343637636336376138613133363135656566656530
33656465373635363561653135393762376537333937373937633965363733383531393136366333
35313538356564313666353337666633356162313937613538306439396338626462363731326534
39323665333464303261393264343534616236353365353837656531613939633766393735333030
366436366265393535303931633234643032
